"plotID" "qdID" "greenVeg" "tanque" "OpenClosed" "fireDay" "deltaBurn" "dist2wiw" "dist2wclass" "forest0" "forest100" "forest200" "forest400" "forest600" "forest800" "forest1000" "class"
"P10176" "229" 13.17 0 1 40 489.949004364014 8532.30715820312 5777.8564860026 0 0 0.0419119696831692 0.185573424233552 0.294691540948276 0.399127138563758 0.461571294425632 0
"P10211" "229" 37.01 0 1 90 438.961623590643 8482.61525213068 6075.12341308594 0 0 0.00285531331163902 0.192043268225354 0.32582974137931 0.338462070856437 0.356927410864184 0
"P10241" "229" 0.18 0 1 45 658.356576538086 8135.57567027699 6873.76542154948 0.819712057484864 0.686727942808934 0.534957922424905 0.401858667846773 0.3003515625 0.244604843196393 0.231585252044071 1
"P1026" "15" 15.02 0 1 35 605.223468572443 702.29424621582 212.667411804199 0.659976220704109 0.311657166879593 0.337984085319908 0.375699265966791 0.26159213362069 0.241438424537016 0.202449472673984 1
"P10262" "229" 23.44 0 1 45 483.072627716064 8094.34407226563 6683.1973063151 1 0.955607604197377 0.714280982702515 0.44554874733364 0.316422413793103 0.270363439377524 0.235153515636115 1
"P1028" "15" 4.93 0 0 45 655.782091730291 537.175044555664 33.9918565750122 0.189976076692603 0.319484936831876 0.48706137323652 0.297860910844709 0.296355956857632 0.233610964709139 0.191855893050231 0
"P10298" "229" 15.2 0 1 55 572.500772094727 7862.02234552557 6758.34301757812 0 0.0731199029054364 0.212181934105607 0.257349131650242 0.237921605603448 0.221737151314616 0.260393074533729 0
"P10335" "229" 25.75 0 1 90 374.290425872803 7645.0549376937 6703.11560058594 0 0 0 0.0673151323769292 0.165837823275862 0.232515486036613 0.285080696272114 0
"P10338" "229" 24.98 0 1 90 424.78541519165 7703.10472301136 6482.65177408854 0 0 0.0433196156850406 0.251467805010665 0.248840247844828 0.275903008297375 0.27468162546272 0
"P10378" "229" 19.25 0 1 55 417.15048384233 7557.37979847301 6196.62809244792 0 0 0.0462182267525533 0.226670274255151 0.323401159853705 0.31186674404613 0.270446840736271 0
"P10397" "229" 8.39 0 1 55 563.727695007324 7459.2848616671 6135.10394965278 0 0.0355914436400563 0.0946043184292054 0.19534699511407 0.347162669145332 0.311215851431431 0.276422480304318 0
"P10471" "229" 2 0 1 45 675.087340753729 7021.96793945312 6018.25347900391 0.899880095923261 0.607626035968159 0.615688412799205 0.33222148447507 0.267538708530423 0.295199612434053 0.339655538137588 1
"P10547" "234" 2.77 0 0 45 655.955280761719 2133.48267267401 1148.52083333333 0.370422831801386 0.581029361985565 0.415160537294982 0.320642725872945 0.272362208436892 0.335128501376325 0.398647591183474 0
"P10561" "234" 9.34 0 0 55 650.124647660689 1791.39469216087 1338.17038302951 0 0.219120232362608 0.319392112534539 0.350874578787903 0.388591404150417 0.387161309558671 0.430266743755004 0
"P10572" "234" 12.1 0 0 55 694.462444513494 1389.12996459961 1407.04486083984 0 0.188907109324588 0.382548797658817 0.564611228945053 0.613671626674137 0.677014624226066 0.696987213416163 0
"P10577" "234" 11.02 0 1 55 649.589147949219 1650.24210316051 1485.61462402344 0.470078121338626 0.476739170788701 0.538655119074727 0.395252572253126 0.454263200431034 0.521874775395902 0.548562625946458 1
"P10583" "234" 6.41 0 1 45 697.095426635742 2082.06686523438 1069.57490539551 1 0.818712396676166 0.590246315475396 0.344027092308336 0.335425646551724 0.387727232797655 0.448589270331865 1
"P10625" "234" 9.96 0 1 45 682.034876043146 1587.59970037287 1609.66709391276 1 0.896361914065391 0.854422345584983 0.805438924088206 0.756578663793103 0.760121492515859 0.757754934325073 1
"P10637" "234" 21.17 0 1 55 541.054066606001 2078.09748272856 1065.86828104655 0.720107862965006 0.506024007222888 0.490946708857778 0.557580115923883 0.548360721982759 0.515380888620325 0.550514674132576 1
"P10666" "234" 13.27 0 1 55 781.55196105957 1833.52607421875 1813.01472981771 1 0.936905580851923 0.899359076156541 0.817872986743419 0.795143701967441 0.784673009652911 0.750868860580051 1
"P10707" "234" 6.85 0 1 55 670.717603149414 2116.38110839844 1477.53175184462 0.640359730179888 0.899648944650091 0.898496818953282 0.895645274712635 0.83879380603097 0.766232383305203 0.732506056478848 1
"P10727" "234" 10 0 1 55 757.030779474432 2242.5264115767 1356.62881469727 1 0.959923455738636 0.976848363404516 0.857571939437032 0.831310614224138 0.787105927950998 0.735284150729616 1
"P1084" "15" 5.42 0 0 35 813.762015380859 515.53826155229 323.174194335938 0 0.150810907759703 0.190434500393906 0.288826252046822 0.251633890086207 0.207745813379616 0.181393941118495 0
"P10859" "240" 3.18 0 1 45 642.128972167969 2110.15155761719 2073.62004937066 1 1 1 1 0.98859275125112 0.968329881428396 0.962046928172036 1
"P10877" "240" 6.1 0 1 45 572.012670898437 1974.01666209323 1950.15386284722 1 1 1 1 0.996675355466198 0.983802224482081 0.969870877035048 1
"P10895" "240" 7.53 0 1 45 537.480552484181 1838.6945690918 1806.92420196533 1 1 1 1 0.992743160684847 0.991563253637424 0.979958559033975 1
"P10911" "240" 9.63 0 1 45 375.502110443115 1526.88498656218 1494.9140625 1 1 1 1 1 0.994230170286508 0.995259627547708 1
"P10995" "240" 3.48 0 1 45 671.335079123757 1989.95104758523 1857.49830457899 1 0.932655245083587 0.937397952775684 0.979922985828451 0.986960065199674 0.990767707207471 0.9938575081583 1
"P11005" "240" 1.49 0 1 60 482.144784851074 1239.77123779297 1204.66626993815 1 1 1 1 1 0.990193285967934 0.977312176484131 1
"P11009" "240" 23.01 0 1 45 418.172673728249 1622.44363525391 1555.10626983643 1 1 1 0.979739691435801 0.98696247131205 0.992307241840086 0.993935184466622 1
"P11025" "240" 4.05 0 1 60 427.842503356934 1210.97373823686 1179.06749131944 1 1 1 1 1 0.986037088899419 0.965380093359668 1
"P11073" "240" 13.11 0 1 45 517.859380271218 1591.61434104226 1470.34313964844 1 0.985515740864082 0.979126817864408 0.973231729036018 0.984353448275862 0.990768272458413 0.993915841377293 1
"P11113" "240" 15.06 0 1 45 468.748792572022 1425.30395141602 1318.18055555556 1 0.967859053733853 0.979132635041169 0.993307661942817 0.984352078239609 0.990767707207471 0.993915712439807 1
"P11335" "250" 25.39 0 1 55 630.706207275391 1843.7329296875 1824.27390289307 1 0.913134274576604 0.899500289887082 0.938433547860911 0.968058054714521 0.981152742508212 0.987578057499987 1
"P11345" "250" 51.26 0 1 0 296.812249450684 2104.67861083984 2074.98551432292 1 1 1 1 1 0.987293064757854 0.98757802536649 1
"P11376" "250" 7.64 0 0 55 711.589999389648 1816.75984330611 1800.06251017253 0.429987822467116 0.669352813356482 0.813248156949769 0.93441800158936 0.968054956896552 0.981151889602594 0.977983459786379 0
"P11379" "250" 9.66 0 1 45 685.029042358398 1827.24704223633 1807.8566792806 1 1 1 0.954633976745159 0.968054956896552 0.981151889602594 0.979152708544052 1
"P11381" "250" 4.34 0 1 45 572.355328091708 1859.11817871094 1835.81046549479 1 1 1 1 0.977879259364034 0.981150735548587 0.982012290157397 1
"P11399" "250" 11.09 0 1 45 653.454145507813 1731.46454223633 1703.34239959717 1 1 1 0.957073136302562 0.968058054714521 0.976927049228329 0.977617480741074 1
"P11436" "250" 12.46 0 1 55 520.253920898438 1518.02723721591 1500.07500203451 1 0.96683263995807 0.984667698940401 0.943256200593919 0.956558459051724 0.964011435842422 0.973293530588013 1
"P11498" "250" 9.59 0 1 45 660.038021240234 1223.18553022905 1201.74881998698 1 1 1 0.955942979188397 0.959607185435147 0.961288527784729 0.973381241924156 1
"P11537" "250" 16.18 0 1 45 694.784536465732 1016.8709185791 990 1 0.875832596280888 0.887006248430043 0.928563212531403 0.961532192339038 0.971216969529174 0.969211228511303 1
"P11561" "250" 12.2 0 1 55 660.860441173207 1001.61300354004 969.639187282986 1 0.962137342898636 0.979132650925228 0.980916379758814 0.968216506024908 0.977423743071787 0.97624359914582 1
"P11578" "256" 26.16 0 1 55 440.426293334961 2731.24760298295 2732.22420247396 1 1 1 0.968662428374252 0.963890086206897 0.934715075560146 0.924351933528725 1
"P11580" "256" 21.59 0 1 55 438.393717540394 2748.8828811015 2746.5432671441 1 1 1 0.975673612581596 0.935764850101369 0.918507978426038 0.908001019221641 1
"P11634" "256" 47.76 0 1 30 376.926433258057 2429.13517178622 2430.06171332465 1 1 1 1 1 0.966784510619266 0.899364797274487 1
"P11639" "256" 29.53 0 1 30 457.204738922119 2488.41472833807 2483.06266276042 1 1 0.999083905432551 0.95466594514897 0.953565438784376 0.906174295465315 0.86769390756384 1
"P11659" "256" 24.06 0 1 30 538.052956848145 2414.27858886719 2401.30338541667 1 0.978396267441089 0.991447924600402 0.9463479116077 0.917113415948276 0.877587771953969 0.835790394052352 1
"P11676" "256" 21 0 1 30 601.51035949707 2274.51121582031 2256.8857014974 1 1 1 0.985463110125894 0.939167564655172 0.886975225003394 0.837879262131603 1
"P11680" "256" 7.81 0 1 30 503.14266204834 2384.33302001953 2363.28162977431 1 0.977888426638713 0.974959181110274 0.894616589155798 0.842883603763799 0.833509921786401 0.803145359372635 1
"P11750" "256" 20.48 0 1 30 520.221761169434 1842.46958496094 1842.17266167535 1 1 0.944035451756032 0.842357532932316 0.822260839109028 0.807077558713442 0.785662086636426 1
"P11830" "256" 4.53 0 1 30 585.930420227051 1568.45704345703 1546.38423665365 0.88013223307341 0.708154284998268 0.694225680567224 0.600310762102232 0.533728448275862 0.561990731004816 0.635850149907003 1
"P11884" "256" 39.26 0 1 40 413.348361433045 1178.66815740412 1164.58585611979 0.790006092527101 0.666156032147773 0.63443836355023 0.564995358727212 0.652545797413793 0.600611987935932 0.605343139303275 1
"P12022" "260" 5.56 0 1 45 776.323780517578 3945.10583274148 3286.84880065918 1 1 1 1 0.995438211811355 0.974931989629417 0.946115274256902 1
"P1205" "20" 58.99 0 1 15 184.684792938232 1866.01298384233 1875.57992892795 0.209940007507491 0.15461449427283 0.142677719166039 0.142144214656743 0.141724423609287 0.205454453489796 0.207462047574886 0
"P12068" "260" 9.98 0 0 55 710.712031860352 4209.1520249548 2508.12679036458 0.419718112132409 0.496713292058396 0.506019477936867 0.675526172008773 0.789741828150363 0.813493310048504 0.832287596408925 0
"P12079" "260" 2.79 0 1 45 733.034114990234 3681.6178178267 3310.04156494141 1 1 1 0.979924666805234 0.990221853484037 0.981847486411235 0.950329044374428 1
"P12084" "260" 0.48 0 1 45 608.732101135254 3948.87945800781 2819.4394938151 1 1 0.998466253654426 0.906863001380233 0.852229256465517 0.878058941439223 0.882265445336327 1
"P1209" "20" 15.2 0 1 35 434.835952301025 1942.11306041371 1920 0.019898049309814 0.0991608521418198 0.128381897605419 0.199020243422979 0.219552801724138 0.197707507566662 0.197681938469578 0
"P12090" "260" 13.99 0 0 55 640.978180541992 4327.26155450994 2227.38248697917 0.0798319327731092 0.418211151073813 0.489170860913286 0.562859563720358 0.664303609913793 0.766101618214294 0.805756828660176 0
"P12143" "260" 6.2 0 1 45 709.555576782227 3836.34339599609 2674.79225667318 1 1 0.99617451498315 0.91396105648321 0.856333512931034 0.834298742749447 0.84322148398869 1
"P12146" "260" 5.08 0 1 45 740.384262362393 4040.53302490234 2386.73506673177 1 0.944884034160709 0.859482427885743 0.748568491154598 0.767141702586207 0.755650706354932 0.810310197373003 1
"P12167" "260" 24.3 0 0 55 720.499848022461 4110.65571289063 2236.96085611979 0.289735714105462 0.577065657723764 0.711141384716453 0.745095988958133 0.728215247844828 0.741941537716186 0.782144640210258 0
"P12240" "260" 8.39 0 1 45 674.720377502441 3619.16401367188 2670.0058186849 1 1 0.998966346220194 0.90103099251328 0.902584859913793 0.89649843875196 0.870096980389215 1
"P12257" "260" 2.68 0 1 45 644.896330566406 3400.53242853338 2891.44303385417 1 1 1 0.997903509138818 0.951920797413793 0.931250515757558 0.914211546072799 1
"P12333" "272" 49.88 0 1 45 317.499985198975 593.346108731356 564.025182088216 1 0.986646537305922 0.963370682412431 0.937318531630814 0.893003771551724 0.888382078522924 0.8793991057624 1
"P12347" "272" 27.11 0 1 45 576.726457519531 590.215818481445 564.487564086914 1 1 1 0.984795783997323 0.947194234913793 0.939758186237059 0.939576281810204 1
"P12364" "272" 38.78 0 1 45 444.781634521484 413.508901700107 380.264834933811 1 1 0.994927729632421 0.952805945724093 0.931346359797127 0.919238735165239 0.92426458890316 1
"P12369" "272" 56.53 0 1 45 266.511372833252 359.31906821511 328.586639404297 1 1 0.953336535037965 0.821148678321971 0.83987338362069 0.854895770388728 0.868424592509047 1
"P12385" "272" 3.17 0 1 45 744.326807861328 431.454393310547 404.351203070747 1 0.999579607123748 0.954123231181445 0.953492171794409 0.923710993015283 0.922787364430649 0.927141173838081 1
"P12413" "272" 10.93 0 1 60 575.608966064453 393.927946333452 371.779141743978 1 1 0.979377986072585 0.919360910117529 0.858934536637931 0.86678015551255 0.852672069699643 1
"P12414" "272" 9.59 0 1 45 584.015361022949 333.493667907715 304.676917182075 1 0.977888426638713 0.979625879176086 0.886885108763564 0.864755130769801 0.870065062640095 0.865094116323197 1
"P12424" "272" 27.6 0 1 45 434.725299627131 67.125796994296 45.1440124511719 0.779952160774355 0.608529607669713 0.689260446789254 0.781940882604365 0.82566630968498 0.847587304798769 0.85641650466475 1
"P12464" "272" 3.13 0 1 45 565.697445373535 72.906485453519 47.6379998524984 0.940066116536705 0.635462049988535 0.710453030981153 0.814544209293571 0.837696659482759 0.844118766653978 0.848759483978446 1
"P12470" "272" 67 0 1 45 225.024589607932 133.635545834628 112.029921213786 1 0.887671842412728 0.764822374395195 0.81468406248693 0.861173221982759 0.848914313703046 0.856870500526421 1
"P12721" "222" 4.32 0 1 55 718.941511119496 1833.87940562855 1859.38627115885 0.840426260594328 0.501614690820148 0.498466253654425 0.500334602032707 0.60040005387931 0.689701619279084 0.76920659228658 1
"P12743" "222" 4.05 0 1 55 706.683184814453 1637.44592486925 1630.42941623264 0.899550224887556 0.746746049944858 0.724538365598993 0.589659030604376 0.589224541480598 0.673403649258062 0.760648473301696 1
"P1277" "20" 21.95 0 1 70 358.602233748003 2236.23348519822 2250 0 0.0159176029962547 0.12693428401139 0.234678859270065 0.270078872746132 0.239814661988404 0.208132043526455 0
"P12773" "222" 4.09 0 1 45 711.287554931641 662.939729447798 658.407382541233 1 0.839674714187441 0.70888805157833 0.678688040321337 0.713473027676184 0.754232798598651 0.799667330195476 1
"P12806" "222" 4.47 0 1 45 740.405401611328 1200.72646817294 1201.74881998698 1 0.972772736703028 0.903828340869128 0.837352657459473 0.801216431934369 0.784434748348144 0.779681273354468 1
"P12821" "222" 2.93 0 1 55 711.024938964844 1695.78735595703 1695.08852132161 0.879808038323243 0.658194658280648 0.702637542194879 0.803299751139738 0.836707974137931 0.806189623091032 0.817720068395879 1
"P12830" "222" 2.04 0 1 45 773.26821472168 798.289774946733 795.188944498698 1 1 1 0.933175007319419 0.826949084051724 0.810784191065881 0.811468985159336 1
"P12845" "222" 3.97 0 1 45 718.386704323509 1300.58624489524 1294.69951375326 1 1 0.999959978692104 0.935011397381739 0.868980334051724 0.851992887204155 0.831470382049445 1
"P12891" "222" 2.79 0 1 45 785.643343283913 758.05223449707 752.794942220052 1 1 1 1 0.990655162426667 0.905503436819491 0.85396416427059 1
"P12945" "222" 4.12 0 1 45 745.210226717862 1428.01556063565 1422.91955566406 1 1 1 1 0.995163908477978 0.941482224908023 0.901951654230352 1
"P13151" "238" 19.38 0 0 55 512.530531311035 6544.26848144531 6537.64291381836 0 0.119389962542027 0.33367797686425 0.37235211621384 0.419821892273379 0.45139055254766 0.462088753934869 0
"P13195" "238" 17.4 0 1 55 535.179717601429 6382.5705078125 6373.95822482639 0.779952160774355 0.631593889562245 0.691786605152204 0.566175720929503 0.538533142045034 0.514834761126404 0.490681494530738 1
"P13285" "238" 25.45 0 0 35 550.896358947754 5825.90615678267 5820.12885199653 0.359604111509671 0.389151406951224 0.475115063685128 0.544347196407051 0.509526022617821 0.487814065669607 0.483145980218305 0
"P13286" "238" 31.69 0 0 30 480.301768798828 5825.98326171875 5820.02577039931 0.280719460359775 0.652027986154333 0.575599485871388 0.600371999884975 0.542108347309503 0.497779777338821 0.493142888924243 0
"P13296" "238" 8.87 0 1 30 648.431465759277 5917.95678222656 5906.2284749349 1 0.662897745280863 0.694107901410994 0.709625006970602 0.693053609913793 0.724196815746111 0.656539644517336 1
"P13335" "238" 6.05 0 1 30 733.654739379883 5706.30503050749 5696.59883626302 1 0.853909380766753 0.884399142163966 0.848065843406249 0.815728717672414 0.727097036956192 0.682938280738696 1
"P13410" "238" 24.62 0 0 30 550.454571533203 5246.94578613281 5235.79479980469 0.529921878661374 0.602607254779922 0.605773556679832 0.660645572796855 0.621990840517241 0.614045642214656 0.602473530225856 0
"P13449" "238" 22.96 0 0 35 524.332522583008 5037.57515980114 5034.00708007812 0.0599338834632952 0.160902643561437 0.311474830594314 0.457002331757915 0.540099676724138 0.565340825904206 0.585175374379483 0
"P13471" "238" 16.08 0 0 35 524.64948425293 4959.23023792614 4946.42296006944 0.390111066915522 0.412859927277492 0.465084149711128 0.516600135415278 0.626842328598274 0.654031274791155 0.656045032005888 0
"P1355" "20" 8.06 0 1 90 440.484217834473 2639.3319868608 2655.59315490723 0 0.147101569391247 0.121011291792054 0.189242210816616 0.213216121281341 0.261006766432956 0.282835613003872 0
"P13607" "190" 5.06 0 0 1 524.687104187012 5510.56066228693 7146.40473090278 0 0 0 0.0366510076412907 0.10734910788256 0.101210473913715 0.135665126193349 0
"P13632" "190" 5.14 0 0 1 542.199704534357 5969.23293235085 6651.44657389323 0 0 0 0.0154635806600025 0.0607219827586207 0.053956891985061 0.0627320066326412 0
"P13643" "190" 6.03 0 0 1 558.611566162109 5068.50913206999 7557.47976345486 0 0 0.00715638867956125 0.0426009144452548 0.15061394114517 0.211470884202344 0.22104563345013 0
"P1365" "20" 13.26 0 0 40 785.571556230025 2772.2404185902 2722.0879313151 0 0.187180853425692 0.359743256409619 0.382693179487733 0.334303609913793 0.313966581572215 0.290677364088421 0
"P1369" "20" 25.73 0 1 35 334.955620644309 2751.90193359375 2773.28325737847 0.400299850074962 0.522742162675664 0.458203811856318 0.339905418441051 0.32624488943671 0.342957847715087 0.322978144939008 0
"P13710" "190" 7.16 0 0 1 536.770099487305 5694.65666564437 6920.23122829861 0 0 0.000916846148501782 0.024342072585726 0.0355701940498562 0.0252530361677998 0.052952961886543 0
"P13720" "190" 7.02 0 0 1 476.314731445312 4690.18904296875 7910.94178602431 0 0.0163379958725063 0.0966438378843734 0.18208257194917 0.182311220675302 0.216831098025226 0.25350292767536 0
"P13743" "190" 5.69 0 0 1 581.520269220526 4969.13738458807 7634.24731445312 0 0 0 0.00397339913839977 0.0489318426724138 0.10266969421899 0.135590173136768 0
"P13745" "190" 6.5 0 0 1 590.788662719727 5171.08128417969 7442.76663208008 0 0 0 0 0.0030384984214893 0.0474382316771278 0.103916714522963 0
"P13927" "181" 17.55 0 1 5 544.349908169833 7584.45170051007 3609.32126193576 1 1 0.989206543582015 0.887831447191963 0.893565573494447 0.929598443182 0.948217590885986 1
"P13930" "181" 44.04 0 1 5 283.837015457153 7484.75317382812 3345.32511393229 1 1 0.96950750439588 0.894135577357938 0.892733065260294 0.934162677897337 0.941129602826917 1
"P13974" "181" 81.78 0 1 5 287.576681671143 7553.39738547585 2889.52514648438 1 1 1 0.991969551215024 0.970358297413793 0.935055808295245 0.925913087566902 1
"P13992" "181" 28.73 0 1 5 340.724467253882 7715.18548828125 3018.79112413194 1 0.994717790808137 0.974959162049403 0.991969194331381 0.977751284797295 0.947378859433817 0.933551405374713 1
"P1401" "20" 21.56 0 1 35 365.780229797363 2946.95688597624 2614.07725694444 0 0.0562889682357694 0.123314912501047 0.216642223947591 0.292134952548378 0.355585696867729 0.31637777941612 0
"P14052" "181" 36.61 0 1 5 306.838453258168 7922.94217285156 2897.08474392361 1 0.9711512213232 0.974959162049403 0.983938388662761 0.98780469734015 0.987007438012129 0.962767367834245 1
"P14069" "181" 37.17 0 1 5 291.303895721436 8138.54844238281 3059.77126057943 1 0.990849630381848 0.957484341915508 0.982723555983103 0.978234105603448 0.979593303536965 0.973341387008405 1
"P14105" "181" 2.7 0 1 5 664.522668457031 8466.20374023438 3384.24289279514 1 0.990333693670084 0.953440597337807 0.95096032436926 0.960004580142389 0.973457158221479 0.969819139895931 1
"P14150" "181" 19.32 0 1 5 387.364141235352 8257.62066761364 2856.61407470703 1 0.983974568960811 0.946413101229876 0.971893429252583 0.978962823275862 0.980695360977051 0.983318803951647 1
"P14162" "181" 17.55 0 1 5 402.562104797363 8848.12880859375 3628.09865993924 1 0.966098317336565 0.896492351162226 0.963861374491212 0.959518276788781 0.943167357935033 0.924180516052094 1
"P1423" "20" 8.91 0 1 60 560.475703125 3083.68766424006 2478.02870686849 0.980101950690186 0.799259671765978 0.619855995351649 0.450556014471538 0.410102370689655 0.34940810997149 0.312960294692076 1
"P1436" "20" 47.58 0 1 0 201.376277160645 3100.90665616122 2477.07492404514 0 0 0.0474551626254305 0.144636849163588 0.287025399583746 0.336339773931285 0.371839992549852 0
"P14366" "184" 7.17 0 0 5 553.835839566317 2428.97759676847 2429.34922281901 0 0 0.0772342240144408 0.178923208833494 0.251683728448276 0.374498550554889 0.420835133338335 0
"P1441" "20" 23.76 0 1 40 412.714753168279 3168.35202253357 2379.41170247396 0.809829179047931 0.561732237036066 0.427373775433308 0.396309280129246 0.407832043484411 0.367404256225409 0.33357908474414 1
"P14429" "184" 16.66 0 0 5 532.412522888184 2215.72799707838 2206.06005859375 0.259975932819171 0.276376923160918 0.132222121018915 0.10835877702957 0.178640894396552 0.264220933235018 0.297013759367571 0
"P14440" "184" 35.47 0 0 5 510.73342376709 1995.05505004883 1998.04286956787 0 0.150518887750934 0.221940310869385 0.320182255827383 0.396969852061761 0.421290307124718 0.422713597236538 0
"P14456" "184" 36.87 0 1 5 398.345317382812 1963.87824596058 1957.75382486979 0.939760254805131 0.859111060154399 0.803359453316527 0.631568490590207 0.532697501801747 0.545682279215628 0.540274129231613 1
"P14474" "184" 26.35 0 1 5 375.93695098877 2256.96896387526 2222.97097439236 1 0.693872091372665 0.536630422915447 0.371952829473475 0.319210329568187 0.288821950920833 0.259798044077456 1
"P14498" "184" 23.64 0 0 5 473.849843444824 1724.85714355469 1721.52291870117 0 0.0549731931295793 0.182233145148415 0.368698764063742 0.399886853448276 0.41700895222022 0.434416009395379 0
"P14512" "184" 4.44 0 0 5 612.497660522461 1983.33839111328 1955.70323181152 0 0 0.07088429364181 0.266333983364092 0.224564697389262 0.227283737668961 0.231674918644296 0
"P14562" "184" 32.15 0 0 5 462.211857743697 1393.25422241211 1395 0 0.135756870966685 0.132624564544286 0.0655819984106403 0.0947359913793103 0.214549820183623 0.269241514539298 0
"P14622" "184" 37.72 0 0 5 494.060535916415 1089.86280184659 1095 0 0.014723305052358 0.0166984670388488 0.0712793822409971 0.1366796875 0.210600781023316 0.278617492685728 0
"P14682" "184" 33.02 0 1 5 415.184091363071 791.425208074396 795 0.740456542977551 0.220559294174879 0.101842327734897 0.0643399220306504 0.159733297413793 0.278236228940454 0.327319807643058 1
"P14765" "143" 12.9 0 1 1 522.951351928711 7847.59364346591 9768.86791992188 0.659976220704109 0.250017743855166 0.177880913148242 0.181414425530135 0.216612338362069 0.212034254287775 0.232208405656888 1
"P14768" "143" 23.47 0 1 1 339.673617553711 7899.9316015625 9557.91796875 0 0.185999279326498 0.32615019858849 0.276509368856916 0.325412176724138 0.301649625593288 0.308514821262737 0
"P14880" "143" 12.66 0 0 1 511.693477172852 7201.71016601562 10479.6945529514 0 0 0.0236749560411957 0.0545752325979604 0.0818525328860959 0.0916427517982739 0.141213934363678 0
"P14884" "143" 10.63 0 0 1 566.124262695312 7258.3445756392 10199.7452799479 0.150060024009604 0.352435275876 0.24573359057374 0.0861247333640052 0.10497036637931 0.129867087613566 0.142414240001242 0
"P14908" "143" 4.18 0 0 1 500.920643615723 7237.05813775181 10007.6494954427 0 0.0245607803087489 0.106440118463071 0.147576284175419 0.212077047413793 0.235173467567834 0.272963937988383 0
"P14939" "143" 7.85 0 0 1 499.221779008345 6893.93432617188 10723.4734157986 0 0.0679139231936755 0.0517483057769144 0.0405343936506443 0.0523510275010608 0.106392324525208 0.141071657231106 0
"P14985" "143" 20.07 0 0 1 483.446417236328 6783.4370703125 10510.3091362847 0.269973056688942 0.204435144844455 0.0918163359289961 0.0442465499167379 0.104124148800744 0.104735143941774 0.118824687410673 0
"P150" "2" 51.1 0 1 0 198.547365235888 152.628129300204 96.0689144134521 0.819747718907383 0.763286052783874 0.681941314572422 0.640629574637166 0.672155172413793 0.646416583036301 0.62426501592196 1
"P15033" "143" 6.52 0 0 1 583.010874328613 6789.60637207031 10167.2893676758 0.370047846614795 0.382638047193195 0.366999806741945 0.375437202323381 0.362327468241227 0.345817428755477 0.359107182583412 0
"P15068" "143" 12.25 0 0 1 563.929443664551 6459.80290789644 10622.1043836806 0 0.000476354265622782 0.0616777223460851 0.0570665600075289 0.0872328530919329 0.131930209403734 0.168507862105003 0
"P15127" "162" 10.84 0 0 1 449.658486633301 6865.51676136364 9750.03070746528 0.179982037792628 0.597509308699403 0.73513277852586 0.698528469885786 0.748540753164003 0.737506588790272 0.720755258756834 0
"P15148" "162" 10.16 0 1 1 481.816856245561 6880.58317382812 9529.69946289062 1 1 0.857428011374617 0.783574578091522 0.762801829563943 0.769467469481844 0.740614814608463 1
"P15200" "162" 5.3 0 0 1 508.336496276855 6226.97785866477 10166.124593099 0.290203851324703 0.470077035629661 0.494936614528563 0.389979976159605 0.350650592672414 0.358679767130471 0.395419493860151 0
"P15202" "162" 9.4 0 0 1 484.09580411044 6319.56201171875 9982.19281005859 0 0.209170024350029 0.292341459374396 0.373347257584709 0.419790914674223 0.472867721825606 0.496972119180286 0
"P15245" "162" 8.66 0 0 1 483.93650970459 6296.98985262784 9634.53051757812 0.300120048019208 0.276200849521189 0.254964712246796 0.377006305157054 0.500344827586207 0.577857429970106 0.585500021988085 0
"P1530" "27" 0.22 0 0 45 789.479647216797 376.142406671697 350.348309834798 0 0.0602963496795187 0.319295514577416 0.400697697519762 0.324156788793103 0.294492907168963 0.344170441287933 0
"P15321" "162" 16.55 0 0 1 399.729072154652 5745.93869850852 9898.29321289062 0 0 0.00670425130407699 0.151875339830189 0.242906788793103 0.307729575335209 0.399306211246 0
"P15329" "162" 10.78 0 1 1 388.751239845969 6191.47454480888 9122.833984375 1 1 0.955715732790148 0.792697049228324 0.72672817887931 0.685828446391827 0.617519847480295 1
"P15458" "162" 8.31 0 0 1 435.804061584473 4992.89413174716 10019.8951822917 0 0.150553881263581 0.370169808613496 0.349851121620173 0.321472111647706 0.315461960717499 0.314278544996437 0
"P15505" "162" 10.74 0 0 1 395.222680358887 5235.8816184304 9290.11157226562 0 0.198106784908743 0.289816680930952 0.330694212824291 0.336405952008965 0.303447367160174 0.339136975234699 0
"P15568" "224" 8.2 0 0 55 668.296142578125 1501.10436900746 1479.2046101888 0 0.366012054902218 0.506485705536405 0.406776736793676 0.430767780172414 0.420469519061068 0.411474676193112 0
"P15593" "224" 5.61 0 0 55 628.711540527344 1857.28479736328 1838.99428982205 0 0.0466690689116738 0.103095170811354 0.20228506745929 0.214678009254582 0.235423466209489 0.258866775573345 0
"P15609" "224" 10.87 0 0 55 619.28117869984 1458.44376593976 1448.82836914062 0 0.0884462934451469 0.104198925220876 0.335956125308461 0.364432920258621 0.35464155182465 0.363592387466274 0
"P1565" "27" 0.45 0 0 45 833.43241027832 243.315436248779 210 0.240186164555912 0.183236697568273 0.133399289660822 0.110250062737881 0.219919181034483 0.27741367882213 0.341233091809309 0
"P1567" "27" 0.06 0 1 45 822.720217895508 236.114445495605 210 0.479670209872575 0.43294597132593 0.333079523570292 0.226799676885553 0.243305246283686 0.272073112943845 0.311294605497847 1
"P15690" "224" 4.36 0 0 45 643.522914428711 1386.27396573153 1368.42979600694 0 0.0254733514593638 0.104505573035046 0.147597424495526 0.214325068870523 0.254870380525932 0.316977930229881 0
"P15708" "224" 13.3 0 0 45 617.967548717152 1163.73886474609 1157.21820068359 0.379861854651771 0.292926480383486 0.219162202220769 0.250897935923711 0.305851293103448 0.355960560185912 0.41004286383167 0
"P15780" "224" 34.7 0 1 45 717.944428710937 344.108751831055 347.85701751709 0.819712057484864 0.846587993142682 0.90120671143533 0.821461060688444 0.730549568965517 0.679945482762384 0.64499978011915 1
"P15788" "224" 5.82 0 0 55 616.339528198242 1130.54387939453 1130.38745880127 0 0.110518946950905 0.14129786587891 0.263806809902369 0.337135945867319 0.348044069655396 0.355936429228069 0
"P1583" "27" 0.89 0 0 45 860.758360595703 159.015850830078 120 0 0.0841959576768107 0.0708417064389182 0.150789356045456 0.235303468110759 0.290296775086653 0.308643077118086 0
"P15841" "224" 17.37 0 1 45 703.798356933594 585.989578524503 584.206537882487 0.699879951980792 0.955776853277427 0.927152283214376 0.819558011627421 0.729465247844828 0.629974897580531 0.557972232928839 1
"P15932" "246" 20.28 0 0 45 607.344470214844 5782.03014160156 3011.15189615885 0.349939975990396 0.23419022504668 0.416933705393492 0.413660912208792 0.305188577586207 0.27281911084728 0.318479304038306 0
"P16025" "246" 16.34 0 1 45 618.303083190918 5762.82573242187 2472.04557291667 0.5 0.602912995053559 0.495589375860803 0.428738916307667 0.414791217672414 0.426697208387349 0.452980420256976 1
"P16033" "246" 21.59 0 0 30 547.596390075684 5318.92697975852 3216.25561523438 0 0.0274538386783285 0.0908285609361508 0.172447957921924 0.165865815299023 0.162752437186866 0.210411064504572 0
"P16081" "246" 42.17 0 0 55 506.261272638494 5628.47566894531 2263.69162326389 0 0.174723741824177 0.324245897178263 0.549540293887752 0.523345928724902 0.49597751026254 0.516243521540111 0
"P16130" "246" 25.09 0 0 35 541.741424283114 5134.66844371449 3141.36911349826 0 0 0.000290313936061457 0.0696486783939434 0.17908895579489 0.250728094601718 0.280820137129287 0
"P16167" "246" 8 0 1 45 688.78720925071 5205.54529716555 2987.57110595703 0.88013223307341 0.439430667933305 0.384552871063232 0.358064693211761 0.364707704741379 0.363284983003293 0.402334099898337 1
"P16208" "246" 35.81 0 0 35 461.639434814453 4924.97407670455 3038.25607638889 0.11986803716989 0.207057140673284 0.268283260855169 0.265557725337035 0.277606471471775 0.350893679553187 0.391549255696582 0
"P16258" "246" 8.33 0 1 45 734.490700461648 5534.67364257812 2751.02337646484 1 0.833584477129536 0.716262727465934 0.71119662051947 0.730001346982759 0.704870880927219 0.655316072255434 1
"P16261" "246" 6.04 0 1 45 809.996422784979 5286.85278764205 2923.29819742839 1 0.826890948995971 0.801985608889698 0.816679911330461 0.711830549568966 0.649730741280037 0.596160362984482 1
"P16280" "246" 5.7 0 1 45 813.682175514915 5312.41511896307 2892.10235595703 1 0.974220908266999 0.923984023911786 0.814660535781505 0.746371228448276 0.701777666566399 0.648137609196711 1
"P1643" "27" 2.2 0 0 45 860.835033069957 69.9314373709939 65.9967888726129 0 0 0.0301467450100741 0.170991851555576 0.206769181030128 0.224892050325047 0.241446880832554 0
"P16464" "262" 6.94 0 1 45 683.946395596591 2236.29236949574 499.498751322428 1 0.828304009945628 0.769601723239921 0.708731502557577 0.711390086206897 0.691336071617762 0.709339503793591 1
"P16524" "262" 14.86 0 1 60 522.323001403809 2137.07125133168 454.644276936849 1 1 0.970087080298083 0.867198916677777 0.734225113998397 0.702616614932462 0.69397999583516 1
"P16525" "262" 30.94 0 1 60 497.229387872869 2037.54824702996 543.875915527344 1 0.925429401295028 0.898496818953282 0.833628737317889 0.729592434682455 0.712655535382469 0.705388035010522 1
"P16527" "262" 22.28 0 1 45 663.446203613281 1833.83687966087 752.795145670573 0.599700149925038 0.515590024131643 0.606192468157436 0.710271431820499 0.730710528265541 0.714234182910142 0.720005070239633 1
"P16651" "262" 13.62 0 1 45 702.438948752663 1606.62157426314 1261.66559516059 1 0.822476823795329 0.755115232300775 0.666960763553945 0.649685115210788 0.670764139943243 0.663541743463983 1
"P16686" "262" 26.41 0 1 45 661.482698669434 2053.92443181818 1031.95215861003 0.980048134361658 0.919208968755298 0.943389169958074 0.915890183871802 0.838046875 0.800202842456364 0.77707185964876 1
"P16723" "262" 25.99 0 1 45 571.213908386231 2414.74633544922 993.931633843316 1 0.978413917734028 0.881568563607867 0.918661950659692 0.907673759151865 0.876643204361646 0.827104828497851 1
"P16725" "262" 14.05 0 1 45 749.092534790039 2236.43770197088 1101.56834920247 0.759975932819171 0.79366080300499 0.863216829926002 0.899325306369986 0.900475484913793 0.866471366471366 0.821481324355296 1
"P16875" NA 2.97480751626502 0 1 1 423.416985251687 5048.20217507102 7800.96142578125 0.87045622570757 0.581205435625293 0.423746164543829 0.375010130003895 0.337212983356571 0.330980891177144 0.297112162237321 1
"P16883" "179" 8.18 0 0 1 468.7562114621 5790.72897162319 7006.07055664062 0.0498199279711885 0.165405488037912 0.158393296292923 0.204307216947593 0.206938308189655 0.192412840300164 0.147274900212896 0
"P1696" "27" 6.1 0 1 55 748.475450439453 309.042846124822 330 0.540396068472366 0.513488059750385 0.45906409350787 0.252413555121599 0.191821751635043 0.199725533625459 0.196866281483666 1
"P1721" "27" 0.04 0 0 45 828.655931396484 506.706474914551 495.027183532715 0.150060024009604 0.240842805822168 0.140396128145468 0.104895123175373 0.121066810344828 0.155257000327423 0.160255630889897 0
"P1735" "27" 3.63 0 0 60 724.455200195312 486.880381913619 503.488644070095 0 0 0.0473484660506387 0.151334415609879 0.168118167673624 0.170430041689073 0.215437327569816 0
"P1739" "27" 0.01 0 0 45 866.352491344105 533.972096946023 531.089660644531 0 0.090097836887564 0.119604733151692 0.105057196034966 0.144100215517241 0.135551734143283 0.16256179298606 0
"P1794" "27" 2.12 0 0 45 746.985684481534 773.674003664127 770.652988009983 0 0.00728180517792992 0.0963237566499636 0.0791944098063666 0.142818269379727 0.192710801356625 0.21776808568705 0
"P190" "2" 31.08 0 1 0 331.983813545921 66.6247464700179 35.5009384155273 0.299850074962519 0.500663347200839 0.534436939842982 0.661933667427397 0.618823038116214 0.602746527241653 0.581917352507117 0
"P215" "2" 51.93 0 1 45 233.947874717712 139.098000014124 170.882059733073 0.640359730179888 0.726307858616962 0.663413248240747 0.583194127473355 0.642713869075283 0.696109019854221 0.725813857534027 1
"P2203" NA 3.08336049707124 0 1 65 395.710067138672 735.211742054332 685.643459743924 1 0.913276225417936 0.762668247090346 0.687259984262549 0.702284009241111 0.670512567951059 0.675842248289117 1
"P2207" "61" 0 0 0 65 379.909745330811 807.004536778474 776.055755615234 0.379951980792317 0.676858464091897 0.717802857797393 0.752044209293571 0.779249730603448 0.7777650594552 0.698571809205506 0
"P2222" "61" 0.35 0 1 65 320.915164663772 230.567028503418 239.555995941162 1 1 0.968506936202395 0.891446250529365 0.768958159908836 0.695209472445682 0.662575163584674 1
"P2261" "61" 29.14 0 1 65 202.109434370561 64.4364805915139 60 1 0.808689848330986 0.824160890488069 0.779233884144126 0.695214424754322 0.665860482698769 0.675354625752937 1
"P2297" "61" 2.79 0 1 65 350.124475402832 285.739662475586 236.055595397949 1 0.999129144582474 0.885875946296835 0.729193053175596 0.708468412652448 0.721387909497589 0.694560095814951 1
"P2323" "61" 10.69 0 1 40 754.656439819336 79.9855753326416 41.1967716217041 0.772533324691598 0.639679224679225 0.559866345875836 0.568365220982849 0.686510545203737 0.67210167109417 0.594924805951887 1
"P2330" "61" 0.36 0 1 40 873.309085083008 622.288545920632 213.954695701599 1 1 0.944119433477817 0.859626031902046 0.80241409777069 0.761709495898083 0.677911602953121 1
"P2367" "61" 6.69 0 1 40 812.186393432617 518.527992248535 107.99621158176 0.989991198878352 0.904781013529007 0.879462603617182 0.830344001861307 0.768227282830528 0.688095986029102 0.632361063146472 1
"P2404" "61" 1.08 0 1 40 821.834904946572 469.654489564502 236.785793728299 1 0.967927299330647 0.88615731440807 0.778358128968674 0.655728208962261 0.602558846549071 0.581625037671104 1
"P2459" "61" 3.97 0 0 40 822.409691273082 381.389404296875 361.667534722222 0 0.0104279271901377 0.129207070757198 0.267434717026511 0.354628301238659 0.466402493890394 0.527673548999598 0
"P258" "2" 9.7 0 1 35 463.35347869873 165.000964660645 197.68523534139 1 0.998446730216966 0.876907695166605 0.727086295955498 0.67262661637931 0.651341235848278 0.674956605867456 1
"P264" "2" 47.66 0 1 65 211.603436203003 178.361198980158 165 0.150060024009604 0.436033402124895 0.548823386229261 0.529169193609101 0.600874191810345 0.577854767995613 0.572100224278467 0
"P267" "2" 23.63 0 1 35 485.429373168945 265.207218475342 230.713156382243 0.940066116536705 0.717124731112349 0.651983531856644 0.556392205863901 0.517801724137931 0.497355328341244 0.504664060863019 1
"P275" "2" 74.68 0 1 45 151.645626831055 154.547204703339 150 1 0.938131271770345 0.815676546931257 0.793555749005952 0.700624381175615 0.712302802165915 0.695102691754005 1
"P3059" "67" 10.94 0 1 5 477.834028511993 5807.40488725142 2732.63576253255 1 0.996270147861996 0.995825363572882 0.971564108929593 0.963491379310345 0.970559893095104 0.943752176396027 1
"P3067" "67" 7.82 0 1 5 369.380595550537 6105.6594921875 2250.93313259549 1 1 1 0.981405234140335 0.966287457818909 0.963967969161799 0.947746782920018 1
"P307" NA 3.39433989263919 0 1 60 316.336100769043 90.2125294113159 65.2098956637912 0 0.120041274936941 0.351958260068659 0.527362774392396 0.431147662443506 0.407943285823053 0.449631954926604 0
"P3075" NA 3.23665736855661 0 1 5 356.582778015137 5803.330078125 2534.54142252604 1 1 1 0.978319177469826 0.975912492338365 0.959132196423152 0.960633210845656 1
"P310" "2" 28.39 0 1 35 457.55928663774 142.270689253374 157.840102301704 1 0.975479357071882 0.64759953529264 0.429721300718642 0.349685788761139 0.406063816759753 0.425338781254082 1
"P3142" "67" 23.17 0 1 5 309.46686706543 5838.75806640625 1817.52304077148 1 0.988944213319357 0.974818816397999 0.963862980467606 0.959991918103448 0.929312598326683 0.929371684002763 1
"P3181" "67" 3.97 0 0 40 505.023497980291 5718.14183157929 1584.51888020833 0.460539595269831 0.744432524213538 0.887313529125684 0.942597515992335 0.923577630045734 0.916478098594924 0.932845193425762 0
"P3184" "67" 11.52 0 1 5 365.910204467773 5569.43053977273 1704.90470377604 1 1 0.995826530185046 0.945605146826237 0.951104285800885 0.938161208397446 0.938752281284478 1
"P3200" "67" 2.38 0 0 40 539.411507263184 5684.68884277344 1471.42792426215 0.129786847272642 0.712549546303272 0.885943467031633 0.891625950586495 0.900881677409795 0.9186024843067 0.936622004581324 0
"P3272" "67" 10.07 0 1 5 341.596168823242 4864.35322753906 1610.15528700087 1 0.992795994802415 0.949900046052081 0.957501039142335 0.973920130399348 0.978680271963965 0.968630479124711 1
"P3290" "67" 9.35 0 1 5 403.093984985352 4852.11795543324 1429.33272298177 1 1 1 0.954900612739972 0.973922413793103 0.983035236556363 0.965624862574468 1
"P3311" "67" 1.74 0 1 5 454.304495239258 4718.44024325284 1375.55264282227 1 1 1 0.975823696097704 0.973922413793103 0.98187195370294 0.969261950524222 1
"P333" "2" 65.81 0 1 35 215.917112197876 117.329888846657 100.220792770386 0.980101950690186 0.882889190989397 0.881677693227015 0.880398071855787 0.790567079741379 0.750453201157427 0.664547187723923 1
"P3383" "73" 26.93 0 1 25 385.701612739563 3520.82804731889 3469.81077067057 0 0.439005633726687 0.657298920528723 0.729621762472308 0.72844692887931 0.634754472782642 0.589922213915612 0
"P3398" "73" 3.52 0 1 40 646.461701354981 3916.90269287109 3866.98476155599 0.900000287884938 0.346192168681277 0.339652839393725 0.390884447279267 0.482291217672414 0.565388741445079 0.612015065718506 1
"P3401" "73" 14.25 0 1 40 569.515610434792 3660.51317693537 3615.60396321615 0.600240096038415 0.500428582347867 0.572662134598559 0.664690859090719 0.614256465517241 0.5975041327154 0.586322635052112 1
"P3410" "73" 61.71 0 1 45 110.982322554155 2936.75239923651 2917.13592529297 0 0.174663685698999 0.306792305972559 0.419907252499059 0.447979525862069 0.463075751808146 0.437881072915077 0
"P3433" "73" 54.21 0 1 40 133.701922479272 2727.27595154313 2704.27435980903 0 0 0 0.0363974307695927 0.125607710804421 0.199079965285727 0.266130669905412 0
"P3507" "73" 63.05 0 1 25 147.661896384954 3161.6466685902 3151.01985677083 0 0.179518677454931 0.216974070264427 0.306295484963821 0.344955549568966 0.371133814795787 0.363529010044675 0
"P3517" "73" 19.58 0 1 40 362.728175964355 3858.75060147372 3841.13262261285 0 0.291588866686321 0.448950221887298 0.54578238921697 0.598616527578519 0.592296306550456 0.567472343265571 0
"P3537" "73" 36.3 0 1 15 358.499898459695 3853.56671919389 3829.01259358724 0.150060024009604 0.368681822648803 0.461416699097727 0.604512160692626 0.669851831896552 0.615416559078531 0.569125365713591 0
"P3673" "73" 33.93 0 1 15 305.955205535889 4179.30226828835 4167.70617675781 0.839856172615864 0.687132590176357 0.775971121724966 0.892519253706372 0.862957795041429 0.755766906765901 0.66071538011533 1
"P3693" "73" 25.39 0 1 60 327.780212249756 4203.34724786932 4193.63807508681 0.909828999065893 0.779715497756085 0.75434747341539 0.906509867277343 0.871202354732028 0.748901868288086 0.645040542515641 1
"P3778" "76" 16.55 0 1 45 698.525750562179 37.3982070159912 56.0565361976624 0.100119904076739 0.0884599425645057 0.0850073161977858 0.150979228641784 0.169236011593703 0.124488258561853 0.121517484362632 0
"P3792" "76" 0.01 0 1 45 902.765704698799 135.984208602905 121.31596883138 1 0.695362310294757 0.576636279644359 0.461622401232909 0.430588631465517 0.386317717303633 0.387616310502803 1
"P3803" NA 0.813973555026963 0 0 45 974.945364990234 365.789039611816 349.89235941569 0 0 0 0.0251448199422811 0.107327586206897 0.185479727733249 0.252996199941538 0
"P3830" "76" 0.03 0 1 45 741.233893654563 227.547010664506 229.581127590603 0.910008981103686 0.509232264334305 0.527148486561166 0.383363788699883 0.336468036668081 0.322246418094016 0.329989820717879 1
"P3836" "76" 3.24 0 0 45 890.669622802734 48.084822992845 23.5355339050293 0 0 0.000636200791041851 0.0168830252206282 0.0493965517241379 0.0889938002614059 0.106414571115934 0
"P3838" "76" 0.18 0 0 45 848.425887451172 226.556208662553 195.560453414917 0 0 0 0.00809411244056582 0.0216721977394434 0.0845950521457205 0.146021951695128 0
"P3920" "76" 0.16 0 0 40 740.133106689453 415.841714149664 54.062796274821 0 0 0.0545003415595531 0.169256346982308 0.199073275862069 0.194876497693399 0.192076270199936 0
"P3930" "76" 0.05 0 0 45 888.520501708984 416.634379577637 251.592488606771 0 0 0 0 0.0045635775862069 0.0253326802622577 0.0428379633342215 0
"P3954" "76" 0 0 0 45 840.395621337891 603.448568725586 204.003284454346 0 0.0381370044004761 0.0208731821355922 0.0511431364758041 0.0565247844827586 0.0578753184386987 0.0786850090409832 0
"P3964" "76" 0.28 0 1 20 866.988601962003 745.150965576172 491.495719909668 0.830041926680582 0.676996320197421 0.488227319006153 0.418357104019407 0.325665409482759 0.245099970452083 0.184589973950586 1
"P3979" "76" 0.18 0 1 20 849.066866787997 713.996268280281 305.19359588623 0.759813835444088 0.565574464135574 0.378641594007292 0.215699370529926 0.208731142241379 0.207807038792954 0.163058465024717 1
"P4048" "81" 45.35 0 1 0 290.531144104004 290.53283219771 315 1 0.875150140312947 0.771271325146906 0.521343949976996 0.433587015086207 0.378985308562773 0.365522165283142 1
"P4066" "81" 23.44 0 0 40 476.659153289795 389.470827969638 420 0.409873859453691 0.412233026952622 0.479855838312774 0.45032084147355 0.377008351293103 0.336626639443541 0.33980889501762 0
"P4123" "81" 11.24 0 0 40 659.696837269176 428.977917203036 442.382787068685 0.0599338834632952 0.166523350913399 0.178635797817873 0.269090614412983 0.250882273706897 0.258027849577145 0.273040279584968 0
"P4166" "81" 32.05 0 0 40 559.677039794922 128.176483015581 110.919192843967 0 0.149517913104247 0.206638650360919 0.273636893604896 0.275138582984771 0.268339465123337 0.26344809924218 0
"P421" "4" 14.88 0 0 35 478.379202880859 487.270766581386 261.130137443542 0 0.0649842023281297 0.154697551144364 0.277750599471755 0.342276880474954 0.40501306970331 0.436652490855567 0
"P4250" "81" 45.63 0 1 15 340.685845184326 496.732786698775 93.9155945777893 0.160143827384136 0.104228770159749 0.172484194251953 0.354005792767406 0.381064875173744 0.309601573688105 0.283932701112853 0
"P4253" "81" 17.53 0 1 15 747.172627951882 385.058106689453 325.465145111084 0.649880095923261 0.378435483342615 0.442427045084343 0.498354446262672 0.385439450915321 0.299562391196716 0.289440055461568 1
"P4254" "81" 11.43 0 0 15 748.898513793945 288.602714538574 253.591431935628 0.399759903961585 0.462631913917381 0.560150645723102 0.475185381070083 0.381946390086207 0.301175794133541 0.298487317705069 0
"P4257" "81" 8.96 0 0 20 887.039824829102 335.793137983842 277.175327301025 0 0 0.11302293358947 0.117084570663767 0.11125 0.136085460029122 0.155519138687906 0
"P4260" "81" 8.98 0 0 40 838.032398376465 137.455653166968 77.3391621907552 0.5 0.349794171280069 0.171168373782455 0.138487337404325 0.143146551724138 0.160747322719154 0.171541985601685 0
"P4319" "81" 14.09 0 0 40 809.376842706854 115.138637448145 65.9967888726129 0.490209917529991 0.355005405051266 0.231805752682302 0.175318343541763 0.150418611543306 0.148149282021521 0.165486413180554 0
"P446" "4" 6.09 0 0 40 558.942764282227 915.635158691406 560.981926812066 0.0899100674550281 0.109502789879997 0.244408355086201 0.472301301607468 0.464786114085958 0.443050223885762 0.462954268249306 0
"P4573" "88" 59.43 0 1 5 162.265054043857 4475.95386629972 5667.51928710938 0 0.22494294668108 0.332176085696143 0.346979186816749 0.372766919156547 0.370727058811003 0.374197436971964 0
"P4617" "88" 24.48 0 1 5 347.310761746493 4784.57389914773 5892.0410563151 1 0.773947379915048 0.670721239170096 0.520592402442595 0.486567887931035 0.492310886677084 0.508848264105357 1
"P4640" "88" 45.89 0 1 5 260.344888166948 5049.94471191406 5985.12528483073 1 0.768292549764689 0.722216242026789 0.669956919988289 0.680075431034483 0.648635338776184 0.618470508804288 1
"P4653" "88" 24.05 0 1 5 366.446978607178 4505.46841909866 6059.45833333333 1 0.852985335386161 0.698757902118396 0.493676263374873 0.519778806064647 0.490526783765221 0.489946827155272 1
"P4674" "88" 14.32 0 1 5 498.353194358132 4523.11553222656 6149.64008246528 0.719838160151617 0.650716305783951 0.594880369253956 0.538454801883266 0.562073726821449 0.513990863544157 0.507444327604739 1
"P468" "4" 6.84 0 0 35 536.468584899902 1105.03189767885 734.519544813368 0 0.246560421921578 0.519624290854507 0.504169640312971 0.590679410239312 0.545022069119738 0.471194701082212 0
"P4714" "88" 24.51 0 1 5 436.18918548584 4408.33093039773 6158.89594184028 0.969880127402566 0.457825586093185 0.372795351006918 0.58290264478063 0.520422720200449 0.519631932871541 0.518813563925762 1
"P4716" "88" 37.65 0 1 5 280.786228637695 4574.14793146307 6364.3955078125 0.179820134910056 0.365075725314203 0.507077890814703 0.546910414166843 0.601033226238827 0.550157332325271 0.534030749968634 0
"P4742" "88" 25.05 0 1 5 361.592394866943 5041.4093306108 6488.44363064236 0.849714998443155 0.757168517487252 0.747196529877928 0.82300072936028 0.738133053136387 0.67625213636533 0.661134673066551 1
"P4746" "88" 20.07 0 1 5 471.215888671875 3647.20606134588 5380.77828979492 0.959904019230659 0.502702525633046 0.551789017420833 0.559445138623852 0.523627827042636 0.465041870963964 0.455615225028067 1
"P4750" "88" 50.91 0 1 5 324.054464791038 3965.33606178977 5783.97314453125 1 0.675729030768059 0.539441688954395 0.418430017692655 0.490922683189655 0.500628225980339 0.476889229201212 1
"P4848" "102" 11.92 0 1 5 366.726687316895 4396.66261379778 1755.38463592529 1 1 1 0.994255592791455 0.944466592679589 0.915191999531514 0.933372394418662 1
"P485" "4" 4.21 0 0 35 585.19517791748 798.499248157848 453.483207702637 0.150060024009604 0.486275032192176 0.567170935146161 0.522592474661889 0.477473060344828 0.453356882934348 0.475336035546641 0
"P4922" "102" 6.95 0 1 5 407.643252702193 4068.80665394176 1974.23404947917 1 1 1 1 0.999280648224858 0.971489838621226 0.935870522635645 1
"P4956" "102" 11.1 0 1 5 376.541197662354 4201.18807705966 1977.2140045166 1 1 1 1 1 0.985736455155745 0.976203779871383 1
"P4998" "102" 20.95 0 1 5 364.580895579945 3572.14254180656 1751.21203613281 1 1 1 0.950644893136476 0.957623922413793 0.97213844396943 0.970535966040049 1
"P5015" "102" 4.38 0 1 5 403.288691850142 3645.35395996094 1637.6589457194 1 1 0.988167120770747 0.913003471496089 0.957623922413793 0.973436156534748 0.978405113652531 1
"P5016" "102" 11.01 0 1 5 411.974585667129 3548.08358487216 1646.92907714844 1 1 0.983568924104801 0.913061487729979 0.957628031764161 0.973357502967967 0.974968660333733 1
"P5046" "102" 8.02 0 1 5 401.036647796631 4099.36391601563 1496.23250325521 1 1 1 0.989443044460245 0.971667564655172 0.971624682892289 0.981240283206535 1
"P5062" "102" 9.82 0 1 5 388.6065234375 4284.61512340199 1463.86933390299 1 1 1 1 0.993553340517241 0.982156784973686 0.981240283206535 1
"P508" "4" 27.7 0 1 35 454.033354464444 1107.82367165305 765.245340983073 0.960114180604776 0.75656249658772 0.770354496357699 0.664414538058751 0.594453986407754 0.547946427145284 0.48876592695492 1
"P5081" "102" 1.4 0 1 5 413.193764343262 4174.79124200994 1331.76574707031 1 1 1 0.99824326125999 0.983559983026531 0.973194937679361 0.980035931443117 1
"P5083" "102" 19.44 0 1 5 369.216079157049 3976.25209517045 1266.29386393229 1 1 0.994441042870301 0.966478183239353 0.954636383842874 0.971533763889702 0.97723824564535 1
"P5520" "138" 16.18 0 1 5 547.728610839844 2735.48911798651 2150.95328776042 0.930237162331199 0.816536727050371 0.854935945742276 0.846733694615021 0.858765921046428 0.910110265734564 0.891222665005905 1
"P5541" "138" 31.45 0 1 5 495.870957253196 2689.77232111151 2385.39733886719 0.619832105504072 0.612045620816545 0.786317956870831 0.819547555313899 0.865132004310345 0.873758521645846 0.867109187656665 1
"P5543" "138" 17.32 0 1 5 571.691965637207 2576.84557861328 2556.47706604004 0.839856172615864 0.868897478734672 0.772720245161647 0.856537514442708 0.873166934241291 0.846018398735087 0.846854677241615 1
"P5591" "138" 17.86 0 1 5 528.666643870961 3364.68119007457 2017.3187713623 0.689976076692603 0.710750418839799 0.796830567902598 0.799869393218162 0.866835382344385 0.902049095235814 0.909574616263197 1
"P5610" "138" 12.37 0 1 5 535.762201538086 3440.40829345703 2095.76409912109 0.800120048019208 0.794079830969306 0.767507871573608 0.773758051361412 0.867843480603448 0.899547730533646 0.907137849772229 1
"P5636" "138" 7.22 0 1 5 628.517828646573 3111.8359375 2666.06448025174 1 0.999523645734377 0.91233085362354 0.808633116093766 0.778979840637987 0.791256475649428 0.795061431385559 1
"P5676" "138" 55.02 0 0 5 504.260992736816 3196.87682373047 2950.10858154297 0 0.348324161125124 0.590895409491953 0.774181532059057 0.774232219827586 0.739990310412846 0.76992055834215 0
"P5734" "138" 24.38 0 0 5 562.249651489258 3432.1624778054 3227.01098632812 0.120138010226579 0.585480339808476 0.607969470872608 0.582518358181253 0.707433975226818 0.738138846442586 0.761249917543935 0
"P5745" "138" 19.18 0 1 5 515.376304487749 3885.06986860795 2762.71603732639 1 0.871280614974722 0.836505955371347 0.892510855442884 0.922268248162891 0.878714347323753 0.850452505953005 1
"P5752" "138" 13.74 0 1 5 562.883878173828 3563.21771129261 3213.95227050781 1 0.886480274292703 0.712244036135101 0.612443274499143 0.717051454741379 0.752291294544816 0.761125324324254 1
"P583" "4" 32.42 0 1 35 364.316784515381 787.375825740089 591.439222547743 0 0.0507051135060766 0.1967091078456 0.361911708193147 0.476838624071342 0.476456056096561 0.470972231384007 0
"P586" "4" 8.51 0 1 35 563.112929382324 1033.25338134766 764.068020290799 0.93970601733947 0.659352103602276 0.623800290965419 0.543594308375618 0.505061730889693 0.508195390242734 0.466132222019585 1
"P5905" "141" 22.58 0 0 5 450.076974182129 5261.73406427557 8468.86056857639 0.340509655217369 0.602092682980094 0.658386404273636 0.72467302961621 0.647291317262422 0.501951346775353 0.416230457912484 0
"P5916" "141" 35.22 0 1 5 313.749733734131 4604.60660067472 7684.95930989583 0.670272906763905 0.573284851661371 0.51079308403788 0.473948244176228 0.453552641327702 0.439104936135322 0.407577421395118 1
"P5923" "141" 24.19 0 1 5 447.421402809837 5217.80589932528 8379.45336914062 0.91995215352328 0.805946375339863 0.692410027959714 0.684770902170731 0.650775862068966 0.539037855939264 0.413153531157117 1
"P5934" "141" 36.21 0 1 5 339.67123967951 4574.14793146307 7616.24780273438 0.920312009695965 0.641497690569005 0.597134474354622 0.447365531808106 0.432455549568966 0.424198945325706 0.414349941666904 1
"P5942" "141" 23.86 0 1 5 434.689999667081 5265.03087874483 8397.41473388672 0.709904019230659 0.810023367292342 0.713483890560724 0.605753295028572 0.626193310993546 0.546251044777709 0.413778474496474 1
"P5980" "141" 22.32 0 1 1 496.387791581587 5361.50460759943 8434.05265299479 0.980048134361658 0.741463840752995 0.550174299696114 0.526556422267765 0.57317349137931 0.495128586677882 0.411695850460327 1
"P6015" "141" 28.76 0 0 1 399.706148834229 5214.6190234375 8186.20495605469 0.0798319327731092 0.221563424727837 0.264749232004902 0.416105075494584 0.446135506465517 0.43730384575455 0.411594963952475 0
"P6039" "141" 20.75 0 0 1 483.727743835449 4264.62527440599 6892.98201497396 0.369891841628738 0.672233322972633 0.712306138164595 0.634984133323259 0.658686691810345 0.638027370421737 0.589564442215815 0
"P6134" "141" 11.52 0 0 1 561.045674438477 4640.99222381844 7058.46299913194 0 0.201562005219423 0.551683461733737 0.653023185291496 0.671405766938107 0.643405353026052 0.619452646936709 0
"P6156" "141" 22.63 0 0 1 447.320751953125 4911.47368164062 7376.12239583333 0.0600959808383785 0.663721186709034 0.689852804389647 0.651981210004601 0.619202586206896 0.594023601065855 0.537109420471683 0
"P6221" NA 2.5996494696861 0 1 5 519.171824951172 7353.84938742898 7353.22379557292 0.990071899107782 0.584041722628056 0.478473157325445 0.405912523821848 0.481464567883772 0.496694956314324 0.536395137226294 1
"P6240" "145" 2.08 0 1 5 538.607643127441 7400.62061878551 7399.2665608724 0.660336076876794 0.581627193413481 0.423771828863367 0.454363419632774 0.462854256465517 0.507564000521747 0.537794931358372 1
"P6278" "145" 2.54 0 1 5 574.372870788574 7501.92158647017 7487.85015190972 0.339735894357743 0.346002445922189 0.405932083647325 0.479793583198049 0.477303373813709 0.523256433055229 0.552605676340218 0
"P6316" "145" 5.17 0 1 1 545.387926635742 7607.25891335227 7587.72694227431 0.970122981726424 0.71913934112971 0.586380543475861 0.48636828250032 0.520054961708662 0.549252205580905 0.530801059059238 1
"P6372" "145" 5.05 0 1 1 515.972155151367 7852.77883300781 7828.22212727865 0.639946068517497 0.630306777606709 0.618068378474609 0.575613524195909 0.4723046875 0.46259792738666 0.469922886492331 1
"P6408" "145" 2.13 0 1 1 411.884656316584 8131.84485569473 8095.6846110026 0.179928086342451 0.193309747655081 0.328598398595666 0.38995514241499 0.421078933189655 0.403291797657995 0.447760190184001 0
"P6421" "145" 48.89 0 1 5 512.586204833984 7050.53913513688 7023.15905761719 1 1 1 1 0.932559267241379 0.856904230143667 0.819087209918954 1
"P6432" "145" 8.88 0 1 1 487.687955266779 7761.60607244318 7733.95666503906 1 1 0.993647777507322 0.747991080764566 0.576558459051724 0.501229832215748 0.513931392000993 1
"P6434" "145" 12.01 0 1 1 461.993510131836 7596.39196111506 7572.46983506944 1 1 1 0.833628737317889 0.688066708426788 0.612489950431 0.583657013809936 1
"P6476" "145" 16.02 0 1 1 418.934188232422 7392.69406516335 7359.59069824219 1 1 0.988781369923525 0.841191328141444 0.788159014750725 0.737679608600983 0.717682536145082 1
"P6522" "145" 2.63 0 1 1 410.58144198331 7873.0419477983 8421.52465820312 0 0 0.00926838289075287 0.191089543083389 0.339936691810345 0.44244678047495 0.500122874592897 0
"P6563" "148" 22.4 0 1 10 383.014089133523 3172.7877175071 2080.33653428819 1 0.840200205282755 0.715242213196177 0.656190281993167 0.734994308499532 0.747972782306369 0.739182734281934 1
"P6602" "148" 27.05 0 1 25 382.49894317627 3316.53302778764 1963.85014851888 0 0.107303916751291 0.296156298387831 0.521627577481283 0.682400323275862 0.72254506057323 0.721236351219563 0
"P6671" "148" 28 0 1 15 312.988302612305 3763.158203125 2460.853515625 1 0.995469857284808 0.904119114368336 0.831034149223454 0.829692793684792 0.809811573908923 0.820829113522924 1
"P6744" "148" 25.95 0 1 10 360.798740040172 4136.07912819602 2694.43872070312 1 0.743983468186633 0.810636984007368 0.831738674655645 0.839466009281524 0.826163753400881 0.787404334796201 1
"P6765" "148" 25.89 0 1 25 431.580421725186 4203.67709073153 2611.21915690104 1 0.926529313381585 0.82592633306375 0.813851231016655 0.765925377155172 0.738144231101978 0.716548967169501 1
"P6777" "148" 22.55 0 1 10 354.909298095703 4388.109921875 3046.09583875868 1 0.977039451414595 0.866862525185354 0.870318957877483 0.9012063286791 0.878141987764816 0.84374995958036 1
"P6815" "148" 41.63 0 0 25 313.873955230713 4551.25297363281 3074.83221435547 0 0.33741442002162 0.65438150518759 0.786769626500481 0.789174299568966 0.802983274814261 0.821730953791393 0
"P6853" "148" 30.12 0 1 20 330.269857025147 4720.89112659801 3137.02447509766 0.939904019161621 0.818994724984214 0.637362789015945 0.555892820026666 0.681538254310345 0.756575742491235 0.785867093666655 1
"P6855" "148" 38.88 0 1 25 325.206543454257 4703.59911221591 3045.6526421441 0.269973056688942 0.392431290333148 0.45129992464205 0.545923555722864 0.670842678844457 0.707144910791773 0.755955914783758 0
"P686" "4" 39.63 0 1 40 363.320818557739 1270.51657381925 1180.97420247396 0.509790082470009 0.213526823249364 0.199309201711115 0.336399783544691 0.32337691204106 0.381918229785059 0.438442505164013 1
"P6860" "148" 12.38 0 1 20 552.387620849609 4638.84295099432 2856.41384548611 1 0.826541531540385 0.712671905697446 0.712760145035514 0.679076158338217 0.643563750206316 0.632172222588694 1
"P6982" "153" 1.93 0 1 20 908.720096657493 536.78214308053 521.555203755697 0 0 0 0 0.0323370150862069 0.082932484340935 0.144578162216372 0
"P7007" "153" 1.41 0 0 20 955.52315246582 1041.46245727539 391.918684217665 0 0.101361090182461 0.202561753603673 0.205419486729041 0.243717459098655 0.286065307556743 0.308529255412028 0
"P7048" "153" 2.8 0 1 20 825.580057373047 1312.14125653732 406.855794270833 0.699879951980792 0.5607339323314 0.577294534261957 0.584298656067972 0.483455010775862 0.395534803985508 0.34090715078394 1
"P707" "4" 18.91 0 1 35 485.612112187157 1135.33362482244 1135.39624023438 0.540144115200037 0.378692086786561 0.360743789107028 0.376080921410348 0.336786099137931 0.386169977719273 0.430868167202572 1
"P7078" "153" 0.52 0 0 20 959.769954612038 498.460258178711 469.506472269694 0 0 0 0.0291260613158225 0.195014816810345 0.288342415102978 0.304560846204986 0
"P7095" "153" 0.87 0 0 15 947.823356489702 290.972416132147 275.756140391032 0 0 0 0.120315552581303 0.256659482758621 0.297775121718784 0.276923934088282 0
"P7117" "153" 0.69 0 0 20 978.17161315918 598.231094637784 589.915812174479 0 0 0 0.166776462837917 0.309143446018307 0.374561412849605 0.356521919085701 0
"P7141" "153" 0.47 0 1 20 933.388054199219 1109.45494899277 772.104497273763 0.980048134361658 0.839693822954543 0.663052328550097 0.555107386339872 0.468883351293103 0.39485733147705 0.373726307838364 1
"P7169" "153" 1.35 0 1 20 870.776612437855 171.664260940552 139.188854641385 0.7197300899775 0.575822222950175 0.544852371682157 0.510458085311625 0.420636235661797 0.320854120190183 0.264856642854648 1
"P7202" "153" 2.85 0 0 20 525.635554199219 1340.22622453674 833.906514485677 0.459928028834583 0.348107140127319 0.418205448003355 0.497725650738379 0.469657230226246 0.44671332506296 0.405632104964308 0
"P7215" "153" 1.39 0 0 20 914.344161987305 753.713437167081 323.174194335938 0 0.245614537950011 0.306813006649057 0.422902986323142 0.455626346982759 0.409369085425423 0.410465811114589 0
"P7223" "168" 0.09 0 1 15 653.475356445313 1493.99388760653 1454.36184692383 0 0 0 0 0 0 0 0
"P7241" "168" 1.32 0 1 15 645.201636574485 1635.76880215732 1602.74917602539 0 0 0 0 0 0 0.00503397805847796 0
"P7271" "168" 32.47 0 1 25 240.938450317383 2394.92467817827 2350.76224772135 0 0 0.0422169596502414 0.117445313480279 0.104894935344828 0.106846332198445 0.123112581582263 0
"P7324" "168" 39.34 0 1 40 254.919665358283 1579.69280148341 1570.76545206706 0 0 0 0 0 0 0.000760529059194512 0
"P7341" "168" 66.37 0 1 25 -30.0560223150253 1747.11540194425 1721.71428765191 0 0 0 0 0 0 0 0
"P7413" "168" 42.41 0 1 90 142.618409446478 2262.80771262429 2247.40549723307 0 0 0 0 0 0 0 0
"P7476" "168" 46.59 0 1 25 224.35351688385 2350.53525108148 1617.7067489624 0 0 0 0 0 0 0.00357370128358348 0
"P7506" "168" 8.85 0 1 20 432.898285290426 2817.44676513672 2292.13875325521 0 0 0 0 0 0 0 0
"P7520" "168" 40.06 0 1 25 210.810791618174 3164.42327124225 2769.51896158854 0 0 0 0 0 0.0203561189476682 0.0547813737638169 0
"P7534" "168" 28.99 0 1 25 255.753575090929 2625.30866033381 1399.89004516602 0 0 0 0 0 0.00615448502772446 0.00405615498237073 0
"P7613" "174" 27.78 0 1 5 451.897382285378 4618.30338245739 4606.63346354167 1 0.893944977670041 0.903521047067818 0.687845058346229 0.591167834051724 0.551314882300798 0.509902398770737 1
"P7621" "174" 37.72 0 1 5 352.910090179443 4924.88975497159 4903.85299682617 0.899880095923261 0.761058554691894 0.642417382181607 0.65468538337408 0.637059714036354 0.575450252609948 0.512214112599939 1
"P7664" "174" 52.71 0 1 1 358.588325361772 4893.26200195313 4875.10148111979 0.819712057484864 0.856274773151636 0.832561888122504 0.666204410473044 0.59956088362069 0.542526373512289 0.493360891733256 1
"P7677" "174" 15.03 0 1 5 494.138073120117 4483.16191850142 4461.23380533854 0.529921878661374 0.328363157349437 0.355083217517163 0.379943495202219 0.429008620689655 0.454154144294989 0.452793447829176 1
"P7723" "174" 22.31 0 0 1 394.300760498047 4586.53264382102 4563.71554904514 0.120479490389738 0.409896703464692 0.381274595997656 0.401711513174233 0.444509554311733 0.462691474238496 0.458722170269512 0
"P7795" "174" 24.49 0 0 5 456.185604705811 3852.47589464424 3833.63729858398 0 0.0110362584823425 0.0838739957483228 0.0575492884916632 0.105939348554558 0.228870202673566 0.34206646075525 0
"P780" "15" 1.85 0 0 35 749.268963928223 415.837755515359 26.0947570800781 0.209859056066205 0.330477937563468 0.325958458929917 0.321336794526922 0.377285187954225 0.345034314952161 0.307848912032636 0
"P7823" "174" 28.31 0 0 1 383.9534324646 4170.11784446023 4136.37524414062 0.100449775112444 0.302229720138457 0.317536450527528 0.183004075529309 0.246349693871365 0.271189283299347 0.324708752242482 0
"P7858" "174" 13.25 0 0 1 514.106651747522 3730.08022017045 3704.69631958008 0 0.0331496161867636 0.105430551337622 0.0992272824706048 0.14073123296232 0.151380969873136 0.218182029831287 0
"P7861" "174" 30.78 0 0 1 396.428242908825 3893.58828205708 3865.20050048828 0.220167750691533 0.24185260391075 0.173861848099169 0.184017939543092 0.15698908511028 0.159752500811865 0.225205448923308 0
"P7937" "174" 12.82 0 0 1 615.132267456055 3338.59403852983 3304.17917209201 0 0.0160472696301635 0.0708440443460741 0.131044344582213 0.22048266618171 0.216518296870924 0.250544856746329 0
"P7992" "179" 12.5 0 1 1 437.518841094971 6102.52211914063 7760.42358398438 0 0 0 0.0704608073277462 0.174644969776638 0.228946065513552 0.262537056294526 0
"P8024" "179" 7.27 0 0 1 545.936539916992 7206.77467636235 6374.81765407986 0 0.121613653487077 0.0732960730134807 0.05563528848944 0.125080994429739 0.174196966228124 0.209581976850217 0
"P8046" "179" 7.8 0 0 1 560.918600769043 5923.43830566406 7706.30749511719 0 0 0.0149595538499765 0.0538235924568549 0.125451195465957 0.168792157113273 0.199387439403581 0
"P8089" "179" 2.43 0 0 1 597.205783996582 6402.19178710937 6979.47699652778 0 0 0.0100135758592526 0.0244152700332264 0.0546855530185159 0.10380073368509 0.118322837161235 0
"P8152" "179" 6.99 0 0 1 565.25149230957 5422.92745028409 7826.69441731771 0 0 0 0.108881592705676 0.2057421875 0.215412299919342 0.210250069197797 0
"P8191" "179" 9.36 0 1 1 444.301139831543 5582.96350763494 7513.52777777778 0.87045622570757 0.396824941854752 0.239340743029955 0.104791295777814 0.147643584096129 0.206495349245816 0.212158486378258 1
"P8205" "179" 9.01 0 0 1 414.049389787154 5184.87105339618 7912.59591674805 0 0.0191974863781789 0.164106457579857 0.249522933189734 0.237821762975574 0.234454772438099 0.256895186949976 0
"P8266" "179" 2.63 0 0 1 502.359547424316 5681.89401068569 7200.21875 0 0 0.029617147888393 0.236872098372998 0.255012122844828 0.208154426464286 0.176491891570286 0
"P8313" "182" 12.45 0 1 5 495.246215265447 3144.95867431641 725.396599663628 1 1 0.981691681319601 0.862608391041678 0.820186304027158 0.789719091252749 0.789160810669233 1
"P8351" "182" 31.18 0 1 5 479.814465609464 2984.10423828125 876.95100402832 0.980101950690186 0.814726853823391 0.804942013395416 0.872984545568614 0.82110317887931 0.802297816382323 0.795593587757034 1
"P8366" "182" 13.83 0 1 5 412.415538024902 3046.3769642223 1364.31072998047 1 0.84203944345758 0.812961465277396 0.858637462802334 0.869330549568965 0.874147169921818 0.871103258634204 1
"P8406" "182" 5.04 0 1 5 494.19624206543 2860.81517001065 1258.48123931885 1 1 0.946867839098865 0.818879298175906 0.843878287666067 0.862016141482866 0.870684526119191 1
"P8450" "182" 27.67 0 1 5 407.750142322887 2527.71034712358 827.466159396701 0.759723979546841 0.580234983238881 0.577552095980221 0.649470494893171 0.752132123636903 0.793178538912464 0.794945022822546 1
"P8465" "182" 12.21 0 1 5 344.061690826416 2638.30562744141 1188.46918741862 1 1 0.983168049917424 0.931420960726086 0.859916487068966 0.854483164342319 0.865025493244484 1
"P8467" "182" 33.93 0 1 5 336.034248504639 2547.68596923828 1001.4598236084 0.849939975990396 0.735136095200036 0.810322461338037 0.798719872203093 0.79004849137931 0.815470597160738 0.832298413494352 1
"P8566" "182" 47.39 0 1 5 293.216642150879 2104.3863684082 870.172498914931 1 0.97575506928293 0.921145504514249 0.834815581645217 0.761592811870651 0.759040618893722 0.754295152618093 1
"P858" "15" 6.04 0 0 35 970.961784224077 582.032433880262 150.090924580892 0 0 0.0176618171881857 0.0756331297837634 0.152128232758621 0.258035835500624 0.353987474552025 0
"P8625" "182" 64.41 0 0 5 302.240710865368 1745.74557983398 707.369954427083 0.0199518656383417 0.431014488480712 0.591161639162368 0.630474457180227 0.638723060344828 0.675553224848999 0.738625046239649 0
"P8645" "182" 45.75 0 0 5 405.821591463956 1608.55420426298 652.018086751302 0.330222178961675 0.165869558096112 0.329805938058056 0.580993297503032 0.60645474137931 0.66912854941024 0.741065723679616 0
"P8682" "198" 3.92 0 0 1 490.531501464844 1322.90211958452 5908.18782552083 0 0 0.029584026805996 0.0615053431762098 0.0941702586206897 0.131549455493117 0.184698620959043 0
"P8801" "198" 17.03 0 0 1 474.175417813388 1958.63425736861 5878.1438293457 0.28019167399893 0.335034839183277 0.167771458546147 0.284801040536675 0.286228975638139 0.290972588227152 0.295715519402736 0
"P8860" "198" 34.66 0 1 5 407.540535666726 2264.8851895419 5858.2490641276 0.940066116536705 0.523286762538081 0.585973549418825 0.443036618009954 0.370149515086207 0.341014904395186 0.313936824351416 1
"P8880" "198" 19.81 0 0 5 422.832272949219 2400.28974165483 5887.19641113281 0.099639855942377 0.562342352671406 0.55061493806125 0.470234796520139 0.418096713362069 0.360009423389705 0.311207714972334 0
"P889" "15" 7.53 0 0 35 848.664468383789 1162.51050803445 624.265111287435 0 0.0632609564406554 0.104291388242568 0.215724740142692 0.223262392241379 0.215556046541962 0.202114412268606 0
"P8914" "198" 11.89 0 0 5 458.588117675781 2173.08412353516 5441.69909667969 0.019898049309814 0.20617677247464 0.33732212075766 0.281517943034004 0.255642510775862 0.238133583204006 0.245593975782064 0
"P8962" "198" 9.76 0 0 5 509.160355529785 1824.50234619141 4533.10729980469 0 0 0.00678800537072952 0.169072054456481 0.198551993534483 0.195584582908527 0.236344752478833 0
"P8970" "198" 23.92 0 0 5 360.676824035645 2297.18919344815 5204.40262858073 0 0.158774745853398 0.227846826034275 0.219110742816513 0.189566271551724 0.179417080825532 0.229990195900904 0
"P8971" "198" 24.79 0 0 5 381.912848358154 2368.35213378906 5281.39290364583 0.45969378742488 0.420275493825138 0.352863734750871 0.249018413568112 0.205711206896552 0.202597554710231 0.221161333047057 0
"P9025" "198" 16.11 0 0 5 487.267536510121 2233.49972357632 4612.81974283854 0 0 0 0.0227827128779129 0.0953313577586207 0.19746260591331 0.224163915702088 0
"P9028" "198" 26.57 0 0 5 403.288256912231 2399.29502679494 4870.94661458333 0 0.0328711859326361 0.041746167597122 0.104595781138312 0.159750808189655 0.175649055930746 0.208867406673513 0
"P9095" "203" 26.31 0 1 10 501.00480682373 1745.69827758789 1752.79778374566 1 1 0.976377453036357 0.906269361378413 0.835378905750099 0.819736022447143 0.790004126036845 1
"P9098" "203" 25.16 0 1 10 583.890975952148 1810.0898770419 1813.36703830295 1 1 0.99021130880113 0.915213828043511 0.842398647510895 0.81426666098744 0.801326798932663 1
"P9117" "203" 26.73 0 1 10 557.536323852539 1907.03505334775 1914.3569132487 1 1 0.994047865484244 0.936558927973922 0.873926454741379 0.810426155496578 0.800266042650398 1
"P9119" "203" 33.95 0 1 25 533.826165771484 1972.00779232309 1975.39239501953 1 0.840000236799886 0.828413075287816 0.857962426263836 0.844190757361894 0.810664984374917 0.788390394740508 1
"P9155" "203" 24.65 0 1 25 538.984790039063 2102.11990532993 2102.92659505208 1 1 1 0.957365101025549 0.897869560238976 0.836700493560289 0.805508453201818 1
"P9202" "203" 26.24 0 1 10 511.973342340643 2373.00487877712 2380.32191975911 0.849939975990396 0.734321256592525 0.776129083898462 0.790207139570873 0.827493265086207 0.840229621919763 0.838688941027956 1
"P921" "15" 2.64 0 0 35 912.849317626953 528.958411254883 518.19208017985 0 0.146879209034531 0.265890529302498 0.294085345451013 0.268231411637931 0.254439507960635 0.232852785090468 0
"P9240" "203" 31.43 0 1 25 486.116088867188 2567.43353160511 2548.09244791667 1 0.816321591693631 0.754187049003981 0.813711300486168 0.817306034482759 0.833698467501284 0.844401962889286 1
"P9265" "203" 26.44 0 1 10 566.920594787598 2628.37551451123 2642.29996744792 1 0.978176423057184 0.966602908583053 0.887095340666695 0.889135237068965 0.886410886410886 0.878277841442625 1
"P9267" "203" 27.08 0 1 10 678.688576660156 2643.65514026989 2657.10370551215 1 1 0.989237942727958 0.970553712548395 0.92601992361939 0.903642602718575 0.849945481989655 1
"P927" "15" 4.85 0 0 35 826.416615434126 1177.90784667969 436.859647115072 0 0.219183018311659 0.397786013594332 0.293979254673972 0.224300915948276 0.199101051213727 0.191843455181816 0
"P9279" "203" 20.64 0 1 25 598.851901855469 2630.13929199219 2742.51794433594 1 0.702061779376286 0.709362501966564 0.806172892808186 0.829878771551724 0.842131602694983 0.846301171423398 1
"P938" "15" 9.62 0 0 35 929.845745496513 748.035442504883 616.035664876302 0 0.0572676100937968 0.157711184778617 0.198480107286544 0.234581422134212 0.246064029730751 0.242642008746163 0
"P9521" "216" 33.09 0 1 25 457.825227050781 4881.09857066761 1681.05722045898 1 0.951836352518535 0.865874405542425 0.662125141160233 0.562956627155172 0.416863874610353 0.350928543897272 1
"P9540" "216" 29.7 0 1 25 423.593750610352 4951.99208007812 1805.15928819444 0.819855913553897 0.761989386444787 0.792245204300126 0.678932467512097 0.571383539776516 0.428311299708762 0.342801229791797 1
"P9564" "216" 22.98 0 0 25 488.841454772949 4957.20787464489 2412.24361165365 0 0.0682728950328125 0.143062415100858 0.211852754192982 0.271294450431035 0.296280423040986 0.329644077573964 0
"P9589" "216" 13.66 0 0 25 473.176438210227 5040.10977050781 3107.66791449653 0 0.0648319520424542 0.0836329335175417 0.0622295942508633 0.0743330167646682 0.108951969715524 0.180245725542238 0
"P9604" "216" 13.18 0 0 25 524.201658630371 5137.34381456612 2839.34852430556 0 0.0816285583254169 0.0708848802645901 0.053451128939918 0.143276283618582 0.182055596079204 0.208547234067871 0
"P9613" "216" 44.04 0 1 25 330.119938201904 5036.13063742898 2033.01512654622 0.980101950690186 0.877560421902986 0.811786291029678 0.757180987239997 0.540540140086207 0.427012652364765 0.360470079389921 1
"P9662" "216" 10.41 0 0 25 573.693421797319 4460.62749511719 1785.37809753418 0 0.0365605311145325 0.160979818337429 0.297894893685988 0.306108513182989 0.351700126171881 0.40449305954358 0
"P9665" "216" 19.19 0 1 25 533.441413463246 4738.86519886364 2019.54824066162 1 0.781344904954446 0.507934623560918 0.418077975486942 0.462933282332532 0.415307790182018 0.403156252611639 1
"P9678" "216" 14.27 0 0 10 519.648011514963 5537.89762961648 3169.99631754557 0 0 0 0.0600466874398762 0.135903825431034 0.169598387908247 0.220585762585592 0
"P9692" "216" 23.65 0 0 25 490.367133789063 5560.7873595687 2844.47408040365 0.11986776692659 0.497331597165351 0.515323068225539 0.323311828181856 0.290253232758621 0.305456249118221 0.298639584244114 0
"P9761" "221" 14.3 0 1 45 590.611485900879 3133.64914550781 1968.36040242513 1 1 1 0.921219519846083 0.838473868534483 0.798508495691594 0.784001986688155 1
"P977" "15" 1.43 0 1 35 892.871392822266 626.969786487926 571.10994720459 0.910143827384136 0.730806608357629 0.473639601336241 0.258328410178122 0.223871068538612 0.22302743306768 0.212946292301086 1
"P9808" "221" 27.22 0 1 60 443.157902526855 2416.67240234375 2151.16248914931 1 0.930545091230714 0.89749684872907 0.876738112603816 0.838717021290927 0.829685761291456 0.823245237919701 1
"P9818" "221" 4.74 0 1 45 657.983463911577 3401.59755637429 2330.5508219401 1 0.923040805407235 0.754478936371641 0.67199851520348 0.654318426724138 0.714318228402735 0.739521384059414 1
"P9829" "221" 37.61 0 1 55 437.39918354129 2307.09542266594 2261.80516052246 1 0.957352340470877 0.907774495458436 0.843698222776312 0.816387688693984 0.839616639781941 0.837588099284063 1
"P9862" "221" 5.18 0 1 45 647.277406005859 2997.11852539063 2445.07668728299 1 0.991489774079776 0.881220955790002 0.821055768612412 0.831687849825214 0.832910940852629 0.818268125136618 1
"P9864" "221" 4.95 0 1 55 575.50183244185 2797.64007324219 2430.86406792535 1 1 1 0.92039124035689 0.896670640613739 0.868253478082622 0.831924143006626 1
"P9879" "221" 8.3 0 0 55 606.962973022461 3297.80249225207 2598.41310628255 0 0.13701804959544 0.440618366743354 0.64447357689573 0.723887392241379 0.74469268835466 0.757988788663461 0
"P9908" "221" 30.72 0 1 45 449.306849975586 2406.85229003906 2409.29448784722 1 1 1 0.999184371299281 0.947306808920501 0.889924608266469 0.879564994134302 1
"P9957" "221" 5.84 0 1 55 703.687322387695 3530.90501819957 3038.07781982422 0.849939975990396 0.653826940085826 0.621690732874256 0.595034819524029 0.686377963362069 0.729794948104807 0.731237049664617 1
"P9995" "221" 3.09 0 0 55 610.769668856534 3760.80258123224 3278.79093424479 0.11986776692659 0.294082560793178 0.591552191925632 0.718952591074491 0.708591056034483 0.677978283612086 0.718921135206028 0
"PTQ1" "222" 6.39 1 0 55 578.399892578125 397.182043457031 404.351203070747 0 0.264943055874035 0.35592894373273 0.590005411382726 0.714279940996989 0.776530862159845 0.815867521881576 0
"PTQ10" "224" 20.93 1 1 45 566.306628972834 1008.41097473145 1008.11364746094 1 0.603910745678689 0.48166178537497 0.590579122924422 0.537887931034483 0.523712868783291 0.52657842115202 1
"PTQ11" "224" 29.96 1 1 45 513.330546153675 41.5308822206229 35.5009384155273 0.760048076853791 0.871702372762909 0.804544877596521 0.745250662044771 0.715711909043761 0.714823846362722 0.720023178238325 1
"PTQ12" "246" 36.29 1 0 60 412.206323204041 4444.33968394886 3103.2958984375 0 0 0.0316513343656071 0.0209270044753022 0.0323221982758621 0.0943842986096507 0.184618429119468 0
"PTQ13" "262" 26.43 1 1 55 567.536534423828 2631.63023590845 277.674853854709 0.670272906763905 0.606307531038097 0.634122760194256 0.591452368068136 0.643613732344561 0.670595094213046 0.683839516568172 1
"PTQ14" "262" 20.48 1 1 45 615.496909679066 1830.23395507813 1129.71629842122 1 1 0.95306052601799 0.797308601465779 0.74838900862069 0.735775073803243 0.743052943880323 1
"PTQ2" "238" 22.31 1 0 35 546.175681762695 6287.05063964844 6277.52612304688 0.319712057484864 0.558844337877241 0.570303637522874 0.618714043627964 0.595466056034483 0.557770170446227 0.526860557435962 0
"PTQ3" "190" 13.32 1 0 1 396.160202331543 5026.7380415483 7639.04638671875 0.240024067180829 0.127171574889988 0.132594733195881 0.195868971935255 0.254012661637931 0.272166927096505 0.258363879525989 0
"PTQ4" "190" 13.06 1 1 1 506.982100219727 5222.55936450801 7444.93782552083 0 0.0225879276269095 0.0553737021686343 0.139858101519631 0.143012251880889 0.189345859577572 0.210372261650234 0
"PTQ5" "190" 8.63 1 0 1 498.81797207919 5375.82495605469 7323.91806030273 0 0.0302355292036558 0.194523894978051 0.191718120173783 0.151248801301598 0.17913612189162 0.203435823412852 0
"PTQ6" "181" 4.44 1 1 5 502.407258300781 8343.77954101562 3635.13610839844 1 0.953390987213505 0.954280748866048 0.969365615458614 0.975212823275862 0.953274361725066 0.943535891021877 1
"PTQ7" "184" 20.45 1 0 5 494.790206336975 2401.51628861861 2406.86518012153 0.179622073717043 0.0913317172776013 0.17653583806097 0.298099219140087 0.360573056638849 0.393601020131084 0.433826258926273 0
"PTQ8" "143" 34.65 1 1 1 308.702451782227 7919.67590997869 9485.20421006945 0 0.128006900994748 0.275721010573718 0.343782268964021 0.363193167505237 0.347261192957049 0.334987628356609 0
"PTQ9" "162" 38 1 1 1 226.766830617731 6411.10191761364 10382.8645019531 0.300120048019208 0.456837389851607 0.55406325002421 0.502916004433477 0.426258081896552 0.387319950700232 0.393779441399167 0
